268 222 215 164 155 131 89 88 44 13 
266 212 201 165 104 95 83 82 54 28 
235 231 199 179 169 139 110 50 42 6 
271 249 247 174 173 108 104 102 48 30 
270 248 198 175 143 93 76 69 49 37 
237 235 227 184 144 120 116 94 68 45 
263 224 209 183 108 70 57 31 11 2 
255 241 201 176 150 137 114 72 64 20 
261 254 192 168 136 111 53 39 18 6 
244 232 231 164 117 104 98 81 46 2 
230 207 194 188 96 70 67 50 48 15 
257 252 202 187 172 167 79 45 22 17 
255 221 214 183 177 172 94 62 59 6 
269 268 227 177 163 149 141 108 10 8 
225 211 198 184 180 152 149 84 60 21 
272 241 194 174 154 112 109 105 63 19 
251 238 228 170 146 115 51 40 36 24 
230 209 193 160 152 150 115 100 97 41 
273 232 200 190 159 144 134 65 57 15 
268 247 207 142 134 124 60 49 20 18 
261 244 206 189 163 135 61 52 17 9 
260 243 236 185 181 167 146 139 73 62 
265 257 223 185 160 148 75 48 24 21 
229 220 213 157 151 135 121 70 27 25 
258 223 213 165 152 147 130 74 32 8 
252 242 199 170 161 153 90 53 33 13 
243 235 233 161 81 80 44 38 5 4 
269 261 204 191 179 145 137 125 35 13 
272 249 226 159 97 94 89 36 28 17 
270 234 210 186 178 147 78 75 55 5 
240 212 205 169 166 118 78 41 26 8 
264 250 195 183 182 166 153 106 87 47 
271 252 193 175 145 140 136 86 75 56 
211 201 197 156 141 132 124 109 62 39 
219 217 192 162 148 138 85 54 26 14 
265 262 253 144 138 128 87 35 23 16 
254 251 245 186 138 61 37 20 15 10 
240 239 233 173 170 106 84 66 39 34 
273 257 224 162 110 93 66 36 35 25 
266 256 220 189 154 119 113 59 34 29 
234 219 200 189 125 86 63 51 30 12 
259 236 218 187 177 176 111 56 49 29 
253 239 216 191 182 167 164 157 130 12 
213 208 203 187 149 105 99 98 71 47 
227 211 202 181 166 140 122 101 50 18 
263 239 229 186 162 131 87 77 69 67 
226 223 216 173 146 129 114 112 100 5 
262 242 240 156 142 136 105 73 51 11 
237 225 205 156 137 112 98 43 31 23 
228 222 214 185 184 182 143 96 85 42 
264 248 203 172 154 147 103 97 77 14 
231 218 193 155 127 95 92 74 53 14 
269 259 197 103 71 63 55 52 34 16 
273 255 246 118 92 73 52 46 31 12 
248 246 218 161 117 113 109 24 11 1 
256 251 244 181 174 151 96 79 55 41 
242 238 202 178 133 128 72 57 37 21 
247 219 195 190 130 121 111 69 46 3 
267 253 209 176 116 91 44 40 33 3 
263 246 236 171 155 153 134 119 54 30 
250 221 210 126 101 88 80 40 16 9 
237 226 215 158 122 110 107 80 22 3 
267 260 204 123 99 85 78 74 72 38 
258 245 229 159 116 83 59 56 38 19 
265 225 220 168 127 126 123 118 107 10 
271 264 206 160 141 120 107 82 81 1 
266 245 222 171 120 114 90 77 76 32 
270 262 208 158 157 133 117 103 100 91 
272 259 224 188 133 127 84 26 22 4 
204 203 194 180 135 129 126 64 58 2 
260 249 234 169 168 145 129 90 68 65 
230 200 192 180 121 95 68 66 42 7 
256 206 196 150 142 140 91 88 27 7 
258 217 198 190 179 171 158 151 101 67 
232 214 205 124 123 93 89 83 61 1 
267 233 196 188 132 128 102 86 47 25 
208 207 195 139 115 102 82 58 45 7 
241 210 197 175 165 163 119 106 65 43 
243 228 215 148 132 76 64 60 43 29 
250 212 196 143 113 79 58 33 32 19 
254 216 199 178 131 125 99 28 9 4 
238 221 217 191 122 92 71 27 23 0 
